R=2.00000 O=12.56637 P=12.56637
R=5.00000 H=2.00000 P=219.91149 V=157.07963